0 0.7096681922196797 0.14759725400457666 0.09096109839816932 0.17620137299771166
0 0.7465675057208239 0.2974828375286041 0.10297482837528606 0.16475972540045766
0 0.780892448512586 0.40045766590389015 0.14759725400457668 0.09610983981693366
0 0.7963386727688788 0.47597254004576656 0.14073226544622444 0.10983981693363845
0 0.6418764302059498 0.33867276887871856 0.12700228832951957 0.16018306636155605
0 0.6401601830663616 0.4668192219679634 0.11670480549199076 0.1556064073226545
0 0.6461670480549201 0.5652173913043478 0.12871853546910764 0.17391304347826086
0 0.7285469107551488 0.5869565217391305 0.1184210526315789 0.1258581235697941
0 0.7929061784897025 0.6327231121281465 0.085812356979405 0.16704805491990854
0 0.7182494279176203 0.7219679633867276 0.0806636155606408 0.16247139588100679
0 0.6478832951945079 0.6933638443935928 0.08752860411899306 0.1693363844393592
0 0.579233409610984 0.6910755148741419 0.09096109839816925 0.19221967963386732
0 0.630720823798627 0.8409610983981693 0.1493135011441649 0.10297482837528606
0 0.5294622425629292 0.48512585812356973 0.14588100686498862 0.1281464530892449
0 0.5337528604118994 0.5869565217391305 0.13729977116704817 0.09382151029748279
0 0.4865560640732266 0.6750572082379862 0.1252860411899313 0.09610983981693373
0 0.4479405034324943 0.7608695652173914 0.1441647597254004 0.10755148741418764
0 0.3183638443935927 0.6887871853546912 0.12871853546910755 0.160183066361556
0 0.37757437070938216 0.5961098398169337 0.09610983981693366 0.18535469107551478
0 0.426487414187643 0.5011441647597253 0.07723112128146453 0.19679633867276883
0 0.4187643020594966 0.2768878718535469 0.10640732265446225 0.1876430205949657
0 0.28060640732265446 0.22654462242562928 0.12528604118993134 0.16018306636155608
0 0.37242562929061784 0.3672768878718536 0.1304347826086956 0.11670480549199087
0 0.33724256292906185 0.4759725400457666 0.14931350114416478 0.06864988558352408
0 0.26773455377574373 0.5503432494279177 0.13729977116704803 0.11212814645308931
0 0.27631578947368424 0.37986270022883295 0.15789473684210534 0.11899313501144164
0 0.18964530892448514 0.43478260869565216 0.12528604118993134 0.17391304347826086
0 0.1810640732265446 0.5938215102974829 0.08409610983981693 0.17620137299771158
