0 0.22656503241491088 0.413290113452188 0.1266815235008104 0.15559157212317673
0 0.40379735615883305 0.35089141004862234 0.13277198136142623 0.15397082658022693
0 0.4360767828200973 0.4886547811993517 0.11206442463533228 0.13452188006482985
0 0.5457050243111832 0.426256077795786 0.10231969205834687 0.16531604538087513
0 0.6553332658022691 0.4141004862236629 0.11206442463533228 0.1572123176661264
0 0.7113654781199352 0.5794165316045381 0.0828302269043759 0.2155591572123177
0 0.6169633812803891 0.5753646677471638 0.1132825162074554 0.14586709886547802
0 0.4908909035656402 0.5842787682333873 0.10962824149108584 0.1474878444084279
0 0.4031883103727715 0.726904376012966 0.07064931118314427 0.16045380875202597
0 0.3483741896272285 0.600486223662885 0.07795786061588324 0.1896272285251216
