0 0.39559496567505725 0.08009153318077804 0.1252860411899313 0.12356979405034325
0 0.3878718535469108 0.2242562929061785 0.07894736842105267 0.13272311212814647
0 0.7233981693363845 0.33867276887871856 0.10469107551487411 0.08695652173913046
0 0.7851830663615561 0.38443935926773454 0.07036613272311215 0.11441647597254004
0 0.477116704805492 0.3066361556064073 0.10297482837528613 0.08237986270022883
0 0.47797482837528604 0.3844393592677345 0.11155606407322657 0.0732265446224256
0 0.39559496567505725 0.38329519450800914 0.09096109839816932 0.10755148741418764
0 0.4908466819221968 0.45766590389016026 0.08581235697940506 0.09153318077803206
0 0.4204805491990847 0.45881006864988555 0.07208237986270027 0.11212814645308924
0 0.3509725400457666 0.45881006864988555 0.0806636155606407 0.12128146453089243
0 0.18278032036613273 0.5148741418764302 0.09782608695652172 0.09610983981693366
0 0.2917620137299772 0.5995423340961099 0.07208237986270025 0.12356979405034324
0 0.3647025171624715 0.6270022883295195 0.07379862700228834 0.08695652173913039
0 0.46853546910755156 0.6361556064073226 0.07551487414187648 0.09610983981693366
0 0.5200228832951946 0.6212814645308924 0.054919908466819226 0.14874141876430202
0 0.5852402745995424 0.6407322654462243 0.0892448512585812 0.07322654462242553
0 0.6573226544622426 0.6189931350114416 0.09954233409610992 0.0846681922196796
0 0.7508581235697942 0.5961098398169337 0.09096109839816932 0.15789473684210528
0 0.7980549199084669 0.6853546910755148 0.07551487414187634 0.10755148741418757
0 0.5749427917620138 0.7185354691075514 0.06864988558352401 0.08237986270022887
0 0.18278032036613273 0.754004576659039 0.06006864988558354 0.11670480549199098
0 0.2874713958810069 0.7517162471395881 0.08066361556064078 0.13501144164759737
0 0.36556064073226546 0.7311212814645309 0.08924485125858127 0.09382151029748285
0 0.5080091533180778 0.7906178489702518 0.0720823798627002 0.13501144164759724
0 0.5655034324942793 0.799771167048055 0.07036613272311207 0.08009153318077793
0 0.630720823798627 0.7711670480549199 0.05663615560640722 0.13272311212814641
0 0.6092677345537757 0.856979405034325 0.06178489702517162 0.07551487414187634
0 0.6547482837528604 0.8901601830663617 0.05320366132723102 0.13272311212814641
0 0.7019450800915331 0.8672768878718534 0.061784897025171544 0.11899313501144164
