0 0.34167468598055106 0.2034035656401945 0.1498252633711508 0.11507293354943277
0 0.5438778869529984 0.15883306320907617 0.10597396677471643 0.14262560777957858
0 0.6449794874392221 0.26904376012965964 0.11571869935170184 0.14586709886547808
0 0.7844509724473258 0.2366288492706645 0.1364262560777958 0.14586709886547816
0 0.6772589141004863 0.4651539708265803 0.06577694489465159 0.16531604538087513
0 0.6279262054294976 0.5907617504051863 0.0889206847649919 0.10858995137763372
0 0.6602056320907619 0.747163695299838 0.1266815235008103 0.16531604538087522
0 0.5316969712317666 0.5162074554294975 0.13277198136142623 0.16045380875202597
0 0.4293772791734197 0.36304700162074555 0.1352081645056726 0.1782820097244733
0 0.3885712115072934 0.5235008103727715 0.08770259319286872 0.15559157212317673
0 0.43242250810372773 0.6166936790923825 0.10475587520259325 0.10858995137763365
0 0.49637231564019446 0.673419773095624 0.05725030388978929 0.1701782820097246
0 0.5591040316045381 0.6758508914100486 0.0682131280388979 0.16207455429497572
0 0.44582151539708265 0.7576985413290113 0.08039404376012961 0.14748784440842796
0 0.292951023095624 0.7115072933549433 0.11815488249594815 0.1393841166936791
