0 0.49942791762013733 0.07437070938215103 0.06864988558352408 0.13043478260869565
0 0.5715102974828377 0.12471395881006866 0.0823798627002288 0.13501144164759726
0 0.44193363844393596 0.2105263157894737 0.06350114416475976 0.12814645308924486
0 0.4899885583524028 0.23226544622425627 0.08409610983981693 0.13043478260869562
0 0.7336956521739131 0.37986270022883295 0.07036613272311215 0.14187643020594964
0 0.5697940503432495 0.3604118993135012 0.09954233409610992 0.11212814645308918
0 0.6427345537757438 0.3901601830663616 0.10125858123569799 0.15331807780320367
0 0.6212814645308925 0.465675057208238 0.054919908466819295 0.13501144164759724
0 0.5697940503432494 0.4691075514874142 0.04118993135011437 0.1327231121281465
0 0.5225972540045767 0.45308924485125857 0.04977116704805496 0.13729977116704803
0 0.29862700228832956 0.4450800915331808 0.13043478260869568 0.09839816933638446
0 0.13215102974828377 0.6178489702517163 0.08924485125858124 0.1556064073226544
0 0.29262013729977115 0.5846681922196797 0.08752860411899313 0.11212814645308931
0 0.37414187643020597 0.6842105263157896 0.09954233409610985 0.07780320366132727
0 0.43764302059496574 0.6132723112128147 0.0720823798627002 0.13272311212814641
0 0.44193363844393596 0.768878718535469 0.06006864988558348 0.13272311212814641
0 0.5414759725400458 0.6727688787185354 0.09782608695652165 0.08237986270022894
0 0.6084096109839817 0.6464530892448513 0.04977116704805489 0.1441647597254005
0 0.6573226544622426 0.7139588100686498 0.048054919908466755 0.13729977116704803
0 0.7208237986270024 0.723112128146453 0.09267734553775753 0.09153318077803206
0 0.7903318077803203 0.7906178489702518 0.08409610983981693 0.13958810068649882
0 0.7294050343249429 0.8032036613272311 0.10297482837528606 0.07322654462242553
