0 0.32042910447761186 0.12779850746268656 0.09514925373134328 0.1697761194029851
0 0.4148787313432835 0.125 0.07695895522388056 0.17164179104477612
0 0.49533582089552225 0.08115671641791046 0.10914179104477605 0.1324626865671642
0 0.5918843283582089 0.0876865671641791 0.11194029850746262 0.12313432835820894
0 0.7479011194029849 0.12220149253731342 0.13292910447761203 0.11380597014925371
0 0.8388526119402985 0.28544776119402987 0.0965485074626865 0.08582089552238806
0 0.75 0.291044776119403 0.05597014925373131 0.16417910447761197
0 0.6604477611940297 0.22294776119402981 0.12873134328358204 0.11380597014925367
0 0.5471082089552238 0.2537313432835821 0.08955223880597017 0.1791044776119403
0 0.4743470149253731 0.2966417910447761 0.06996268656716417 0.1455223880597015
0 0.33302238805970147 0.2546641791044776 0.14272388059701488 0.06156716417910449
0 0.3372201492537313 0.3880597014925373 0.07276119402985075 0.17164179104477614
0 0.4127798507462686 0.3367537313432835 0.061567164179104454 0.1623134328358209
0 0.8290578358208955 0.4151119402985074 0.06016791044776127 0.1511194029850747
0 0.671641791044776 0.39365671641791056 0.09235074626865669 0.0597014925373135
0 0.5911847014925372 0.4319029850746269 0.07975746268656714 0.13246268656716417
0 0.5114272388059701 0.4496268656716418 0.04617537313432834 0.1455223880597015
0 0.429570895522388 0.46361940298507465 0.0979477611940299 0.07649253731343286
0 0.25536380597014924 0.5503731343283582 0.06576492537313428 0.13059701492537307
0 0.3533115671641791 0.5867537313432837 0.07975746268656714 0.14365671641791045
0 0.6982276119402985 0.4776119402985075 0.12313432835820898 0.07462686567164184
0 0.7933768656716418 0.5494402985074627 0.11753731343283576 0.07276119402985075
0 0.8136660447761193 0.6315298507462687 0.13013059701492538 0.06902985074626869
0 0.4385224905222174 0.5901670139007479 0.08453157553195126 0.13320127053519584
0 0.5169063151063904 0.5922162642166741 0.07838382458417285 0.14959527306260448
0 0.5868369821373682 0.5747976365313023 0.06455138495167191 0.14344752211482642
0 0.6828955906964037 0.567625260425561 0.11219645479695345 0.09631476484852619
0 0.6652208067215412 0.6547183988524198 0.12295501895556554 0.09016701390074808
0 0.7912497011509959 0.7110727825403873 0.11680726800778714 0.07172376105741321
0 0.8035452030465524 0.7950920454933569 0.11680726800778714 0.07992076232111757
0 0.7090235322244614 0.7469346630690938 0.12449195669250997 0.07787151200519148
0 0.5553297585300045 0.7131220328563134 0.0937532019536188 0.1577922743263089
0 0.3593701970695722 0.7192697838040917 0.135250520851122 0.12090576863963932
0 0.30327196967109543 0.8473479285494725 0.1275658321663991 0.13934902148297412
0 0.4216161754158272 0.8504218040233614 0.0691621981625056 0.17418627685371774
0 0.4684927763926365 0.9113784623791795 0.07992076232111742 0.1772430752416409
