0 0.24422736021069696 0.3338735818476499 0.1181548824959481 0.14586709886547808
0 0.35020132698541334 0.37763371150729336 0.1132825162074554 0.14910858995137768
0 0.4470396069692059 0.4497568881685575 0.08039404376012975 0.12479740680713128
0 0.47810094205834686 0.31604538087520256 0.10110160048622369 0.14910858995137766
0 0.5743301762560779 0.3184764991896273 0.09866541734197715 0.13452188006482985
0 0.6127000607779578 0.4141004862236629 0.09501114262560768 0.13128038897893027
0 0.7320730348460294 0.419773095623987 0.1486071717990275 0.11669367909238247
0 0.6248809764991897 0.6199351701782819 0.13399007293354942 0.16693679092382496
0 0.5603221231766614 0.49189627228525123 0.13399007293354948 0.10210696920583473
0 0.5067260940032415 0.5996758508914101 0.124245340356564 0.09724473257698535
0 0.44034010332252843 0.5283630470016207 0.1108463330632091 0.08103727714748786
0 0.46774716369529984 0.7674230145867099 0.13155388978930305 0.1928687196110211
0 0.3629912884927067 0.6515397082658023 0.13155388978930307 0.19124797406807134
0 0.24666354335494328 0.5891410048622366 0.14008053079416535 0.17017828200972437
