0 0.5286517423014587 0.23905996758508916 0.11937297406807133 0.17341977309562404
0 0.6419342585089142 0.38411669367909235 0.09501114262560784 0.13290113452188007
0 0.77836051458671 0.339546191247974 0.15347953808752024 0.12155591572123178
0 0.5615402147487845 0.4213938411669368 0.06090457860615885 0.1750405186385737
0 0.6346257090761751 0.5218800648298217 0.0925749594813614 0.1717990275526743
0 0.6468066247974068 0.6985413290113452 0.11450060777957859 0.16531604538087522
0 0.5633673521069693 0.6045380875202594 0.09622923419773094 0.11669367909238254
0 0.4963723156401945 0.6831442463533225 0.1157186993517017 0.08265802269043761
0 0.4391220117504052 0.49270664505672607 0.12546343192868725 0.16531604538087522
0 0.3940526235818477 0.6361426256077796 0.08892068476499197 0.16369529983792552
