0 0.4418557536466775 0.0713128038897893 0.11061588330632091 0.0940032414910859
0 0.5366693679092382 0.1774716369529984 0.05956239870340348 0.17666126418152353
0 0.7360210696920584 0.373581847649919 0.11547811993517015 0.10534846029173422
0 0.8186790923824961 0.43030794165316044 0.07658022690437591 0.12479740680713121
0 0.773095623987034 0.6393841166936791 0.07293354943273911 0.13452188006482985
0 0.8162479740680715 0.7414910858995138 0.059562398703403546 0.13452188006482999
0 0.6880064829821718 0.6677471636952999 0.09724473257698549 0.09400324149108591
0 0.6132495948136143 0.6758508914100486 0.06442463533225279 0.13290113452187996
0 0.5779983792544571 0.7366288492706644 0.07171799027552667 0.0858995137763371
0 0.5719205834683955 0.8273905996758509 0.08144246353322529 0.09562398703403574
0 0.5427471636952999 0.6653160453808752 0.052269043760129606 0.13776337115072926
0 0.48014586709886553 0.6847649918962722 0.08508914100486223 0.11183144246353308
0 0.4205834683954619 0.34602917341977313 0.08022690437601292 0.07941653160453807
0 0.44914910858995144 0.45137763371150724 0.049837925445705054 0.14100486223662892
0 0.508711507293355 0.48946515397082657 0.08630470016207453 0.09400324149108584
0 0.38350891410048626 0.7755267423014587 0.08873581847649917 0.09238249594813595
0 0.3032820097244733 0.801458670988655 0.06442463533225279 0.13128038897893035
0 0.20603727714748785 0.7965964343598054 0.06442463533225283 0.14424635332252833
0 0.19570502431118317 0.5567260940032416 0.09967585089141005 0.13128038897893035
