0 0.3792906178489703 0.17391304347826086 0.08581235697940506 0.16475972540045766
0 0.5946796338672768 0.2826086956521739 0.10125858123569799 0.08924485125858123
0 0.7010869565217392 0.3329519450800916 0.09439359267734546 0.05720823798627002
0 0.45995423340961106 0.3009153318077803 0.09610983981693366 0.07093821510297485
0 0.4513729977116705 0.3718535469107552 0.10983981693363852 0.09839816933638439
0 0.39130434782608703 0.4084668192219679 0.06521739130434781 0.09382151029748279
0 0.3389588100686499 0.43363844393592677 0.07723112128146453 0.09839816933638446
0 0.17248283752860413 0.47139588100686497 0.08752860411899314 0.10983981693363845
0 0.2831807780320366 0.5617848970251716 0.061784897025171655 0.10297482837528599
0 0.3544050343249428 0.5892448512585813 0.08409610983981697 0.0846681922196796
0 0.47025171624713963 0.448512585812357 0.07551487414187648 0.10068649885583525
0 0.42391304347826086 0.5148741418764302 0.0789473684210526 0.11441647597254004
0 0.46853546910755156 0.55720823798627 0.07551487414187648 0.0892448512585812
0 0.5903890160183066 0.35812356979405036 0.11327231121281457 0.07093821510297481
0 0.5586384439359269 0.4187643020594966 0.0909610983981694 0.0732265446224256
0 0.6487414187643021 0.40045766590389015 0.06864988558352401 0.10526315789473685
0 0.7225400457665905 0.39816933638443935 0.08924485125858127 0.06407322654462248
0 0.7834668192219679 0.46796338672768883 0.09096109839816932 0.06636155606407329
0 0.698512585812357 0.46224256292906174 0.06864988558352395 0.10068649885583518
0 0.6659038901601833 0.4988558352402746 0.09267734553775746 0.10068649885583525
0 0.5946796338672768 0.5 0.07036613272311207 0.11212814645308924
0 0.5663615560640732 0.5640732265446224 0.07551487414187641 0.08466819221967974
0 0.7877574370709383 0.5423340961098397 0.09267734553775739 0.10526315789473685
0 0.6693363844393594 0.625858123569794 0.06521739130434781 0.0846681922196796
0 0.6719107551487414 0.7139588100686498 0.09439359267734566 0.12814645308924483
0 0.5577803203661328 0.6796338672768879 0.06864988558352401 0.08695652173913054
0 0.6144164759725402 0.7505720823798626 0.07894736842105267 0.09610983981693366
0 0.6169908466819222 0.8249427917620138 0.11498855835240264 0.08009153318077807
0 0.1733409610983982 0.7059496567505721 0.061784897025171634 0.12585812356979403
0 0.2737414187643021 0.7116704805491991 0.07379862700228834 0.12356979405034324
0 0.3544050343249428 0.6910755148741419 0.09096109839816936 0.07322654462242553
0 0.5037185354691076 0.7437070938215103 0.10469107551487411 0.06864988558352395
0 0.46338672768878725 0.7871853546910753 0.09954233409610985 0.10068649885583525
0 0.5088672768878719 0.8649885583524027 0.10469107551487411 0.07780320366132727
