0 0.6952998379254458 0.2139384116693679 0.14100486223662884 0.119935170178282
0 0.6618719611021069 0.3581847649918963 0.12034035656401948 0.10372771474878437
0 0.4363857374392221 0.3962722852512155 0.11426256077795785 0.13452188006482976
0 0.55854943273906 0.4327390599675851 0.10818476499189636 0.09076175040518634
0 0.6290518638573743 0.526742301458671 0.05470016207455437 0.15883306320907614
0 0.7281199351701784 0.6628849270664506 0.08508914100486223 0.16207455429497572
0 0.6472852512155591 0.6709886547811993 0.08144246353322529 0.1523500810372772
0 0.5646272285251217 0.5980551053484602 0.11061588330632087 0.08752025931928689
0 0.5609805510534847 0.6847649918962722 0.09602917341977317 0.0858995137763371
0 0.47163695299837927 0.6499189627228524 0.07293354943273897 0.1069692058346839
0 0.4497568881685576 0.5372771474878444 0.08752025931928685 0.10210696920583466
0 0.386547811993517 0.6037277147487845 0.08752025931928692 0.12155591572123171
0 0.3883711507293356 0.7260940032414911 0.09116693679092386 0.14586709886547808
